2D periodic matrix filling

    matrix  size = 5x7
    stencil size = 3x3

                0  1  2
    stencil:    3  4  5
                6  7  8

     The header shows the column numbers of the matrix while the entries represent the stencil indices (from 0 to 8)
   +----------------------+----------------------+----------------------+----------------------+----------------------+
   |  0  1  2  3  4  5  6 |  7  8  9 10 11 12 13 | 14 15 16 17 18 19 20 | 21 22 23 24 25 26 27 | 28 29 30 31 32 33 34 |
   +----------------------+----------------------+----------------------+----------------------+----------------------+
 0 |  4  5              3 |  7  8              6 |                      |                      |  1  2              0 |
 1 |  3  4  5             |  6  7  8             |                      |                      |  0  1  2             |
 2 |     3  4  5          |     6  7  8          |                      |                      |     0  1  2          |
 3 |        3  4  5       |        6  7  8       |                      |                      |        0  1  2       |
 4 |           3  4  5    |           6  7  8    |                      |                      |           0  1  2    |
 5 |              3  4  5 |              6  7  8 |                      |                      |              0  1  2 |
 6 |  5              3  4 |  8              6  7 |                      |                      |  2              0  1 |
   +----------------------+----------------------+----------------------+----------------------+----------------------+
 7 |  1  2              0 |  4  5              3 |  7  8              6 |                      |                      |
 8 |  0  1  2             |  3  4  5             |  6  7  8             |                      |                      |
 9 |     0  1  2          |     3  4  5          |     6  7  8          |                      |                      |
10 |        0  1  2       |        3  4  5       |        6  7  8       |                      |                      |
11 |           0  1  2    |           3  4  5    |           6  7  8    |                      |                      |
12 |              0  1  2 |              3  4  5 |              6  7  8 |                      |                      |
13 |  2              0  1 |  5              3  4 |  8              6  7 |                      |                      |
   +----------------------+----------------------+----------------------+----------------------+----------------------+
14 |                      |  1  2              0 |  4  5              3 |  7  8              6 |                      |
15 |                      |  0  1  2             |  3  4  5             |  6  7  8             |                      |
16 |                      |     0  1  2          |     3  4  5          |     6  7  8          |                      |
17 |                      |        0  1  2       |        3  4  5       |        6  7  8       |                      |
18 |                      |           0  1  2    |           3  4  5    |           6  7  8    |                      |
19 |                      |              0  1  2 |              3  4  5 |              6  7  8 |                      |
20 |                      |  2              0  1 |  5              3  4 |  8              6  7 |                      |
   +----------------------+----------------------+----------------------+----------------------+----------------------+
21 |                      |                      |  1  2              0 |  4  5              3 |  7  8              6 |
22 |                      |                      |  0  1  2             |  3  4  5             |  6  7  8             |
23 |                      |                      |     0  1  2          |     3  4  5          |     6  7  8          |
24 |                      |                      |        0  1  2       |        3  4  5       |        6  7  8       |
25 |                      |                      |           0  1  2    |           3  4  5    |           6  7  8    |
26 |                      |                      |              0  1  2 |              3  4  5 |              6  7  8 |
27 |                      |                      |  2              0  1 |  5              3  4 |  8              6  7 |
   +----------------------+----------------------+----------------------+----------------------+----------------------+
28 |  7  8              6 |                      |                      |  1  2              0 |  4  5              3 |
29 |  6  7  8             |                      |                      |  0  1  2             |  3  4  5             |
30 |     6  7  8          |                      |                      |     0  1  2          |     3  4  5          |
31 |        6  7  8       |                      |                      |        0  1  2       |        3  4  5       |
32 |           6  7  8    |                      |                      |           0  1  2    |           3  4  5    |
33 |              6  7  8 |                      |                      |              0  1  2 |              3  4  5 |
34 |  8              6  7 |                      |                      |  2              0  1 |  5              3  4 |
   +----------------------+----------------------+----------------------+----------------------+----------------------+
